193
15.328824807842462
0.000000000000000000e+00 -1.137139891899999907e-18 -2.243441228500000027e-35 0.000000000000000000e+00 1.000000000000000000e+00 1.000000000400000024e-10 6.431874632227249535e-25 1.000000000000000036e-10 1.772015807991193539e-21 -5.420046399511397387e-24 1.000000221900000039e-10 0.000000000000000000e+00 0.000000000000000000e+00 0.000000000000000000e+00 0.000000000000000000e+00
1.338620904388888812e-04 2.382562839400000135e-06 -4.325064187499999867e-26 2.405982011769189008e-02 1.000000000000000000e+00 4.788946251899999645e-03 2.803550199310183547e-10 5.117765240920970935e-06 2.417831594039319273e-05 -2.038958034275606228e-03 8.646840731458991722e-03 0.000000000000000000e+00 0.000000000000000000e+00 0.000000000000000000e+00 0.000000000000000000e+00
5.354125236277778319e-04 9.529711014700000666e-06 1.097160308600000069e-23 9.623283907346935617e-02 1.000000000000000000e+00 1.899063718799999870e-02 5.045958393568358190e-09 8.105346965593271337e-05 9.698134488945828614e-05 -8.272807929015671760e-03 3.454158742961711825e-02 0.000000000000000000e+00 0.000000000000000000e+00 0.000000000000000000e+00 0.000000000000000000e+00
1.204543794833333242e-03 2.144034409499999907e-05 1.226950195400000017e-23 2.164997344098888443e-01 1.000000000000000000e+00 4.212295943000000237e-02 2.983687059520546881e-08 4.034648343767578151e-04 2.191659252204635367e-04 -1.905744297889741187e-02 7.754886201626789988e-02 0.000000000000000000e+00 0.000000000000000000e+00 0.000000000000000000e+00 0.000000000000000000e+00
2.141076761388888573e-03 3.811495573499999934e-05 4.261091771700000144e-23 3.848283077627887017e-01 1.000000000000000000e+00 7.341978928700000628e-02 1.105161547261033880e-07 1.245566422397081973e-03 3.918562873905459282e-04 -3.499895590036436466e-02 1.374454490413432317e-01 0.000000000000000000e+00 0.000000000000000000e+00 0.000000000000000000e+00 0.000000000000000000e+00
3.344760690833333255e-03 5.955978981800000033e-05 1.792669307400000042e-22 6.011734935135742974e-01 1.000000000000000000e+00 1.118803748600000064e-01 3.101580314100853074e-07 2.951248041102148660e-03 6.163193670497144538e-04 -5.696100068350137824e-02 2.139138451903448146e-01 0.000000000000000000e+00 0.000000000000000000e+00 0.000000000000000000e+00 0.000000000000000000e+00
4.815273327777778133e-03 8.579636023599999581e-05 -2.674041824599999962e-22 8.654773708075570449e-01 1.000000000000000000e+00 1.563291605100000092e-01 7.163440358450371192e-07 5.902037607427829125e-03 8.936132541379819506e-04 -8.604801151137615733e-02 3.065166483000941744e-01 0.000000000000000000e+00 0.000000000000000000e+00 0.000000000000000000e+00 0.000000000000000000e+00
6.552220980555555248e-03 1.168757623600000066e-04 8.048162524899999933e-22 1.177669179128067789e+00 1.000000000000000000e+00 2.054786044099999875e-01 1.424527947474003372e-06 1.048179807919982082e-02 1.224117936377023923e-03 -1.235418377081603791e-01 4.146392252239468057e-01 0.000000000000000000e+00 0.000000000000000000e+00 0.000000000000000000e+00 0.000000000000000000e+00
8.555138626111111200e-03 1.529016798900000040e-04 -1.506129725900000038e-21 1.537665337148754086e+00 1.000000000000000000e+00 2.579921641899999840e-01 2.512250220486047322e-06 1.704321228584121037e-02 1.606985006896073350e-03 -1.707691741929614482e-01 5.373923869442934764e-01 0.000000000000000000e+00 0.000000000000000000e+00 0.000000000000000000e+00 0.000000000000000000e+00
1.082349003500000101e-02 1.940528382499999893e-04 6.399423102599999957e-21 1.945369465200563530e+00 1.000000000000000000e+00 3.125465442900000057e-01 4.019402059791687772e-06 2.587970775687142150e-02 2.039609134755024800e-03 -2.288856965757810058e-01 6.734773715304629427e-01 0.000000000000000000e+00 0.000000000000000000e+00 0.000000000000000000e+00 0.000000000000000000e+00
1.335666791499999853e-02 2.406083145599999934e-04 -3.783484241099999676e-21 2.377473956243523201e+00 1.000000000000000000e+00 3.678932926299999795e-01 5.955731786346049700e-06 3.720554815531382231e-02 2.517285814018348569e-03 -2.985856648020520088e-01 8.210346208646767119e-01 0.000000000000000000e+00 0.000000000000000000e+00 0.000000000000000000e+00 0.000000000000000000e+00
1.615399407277777824e-02 2.929660439199999883e-04 7.530765979599999508e-21 2.826180210732919029e+00 1.000000000000000000e+00 4.229184320400000141e-01 8.346587907443430346e-06 5.114546828394719857e-02 3.033219145385158098e-03 -3.797819918705643283e-01 9.775216767546976993e-01 0.000000000000000000e+00 0.000000000000000000e+00 0.000000000000000000e+00 0.000000000000000000e+00
1.921471959666666562e-02 3.516802222600000035e-04 -5.239446803700000344e-21 3.317137149031201382e+00 1.000000000000000000e+00 4.766955151300000249e-01 1.130791389621102406e-05 6.773378354209202978e-02 3.578958406257997434e-03 -4.713377074043699211e-01 1.139681322758233861e+00 0.000000000000000000e+00 0.000000000000000000e+00 0.000000000000000000e+00 0.000000000000000000e+00
2.253802505666666761e-02 4.175234175400000186e-04 2.535583387499999842e-21 3.850213330131718514e+00 1.000000000000000000e+00 5.285240839499999455e-01 1.512335866525274298e-05 8.692158987835461870e-02 4.145187568041382858e-03 -5.709433909068041268e-01 1.303651415368650035e+00 0.000000000000000000e+00 0.000000000000000000e+00 0.000000000000000000e+00 0.000000000000000000e+00
2.612302072277777887e-02 4.916139129200000233e-04 3.374519178599999945e-21 4.425266036527359503e+00 1.000000000000000000e+00 5.779448484900000516e-01 2.029098819487601624e-05 1.085897626042218594e-01 4.722739479608368748e-03 -6.752096074957288918e-01 1.465226959840419285e+00 0.000000000000000000e+00 0.000000000000000000e+00 0.000000000000000000e+00 0.000000000000000000e+00
2.996874680555555379e-02 5.755829370299999715e-04 -6.602116044999999659e-22 5.042141312796976749e+00 1.000000000000000000e+00 6.247262816899999960e-01 2.749549005291184486e-05 1.325649679585605145e-01 5.303766452624075062e-03 -7.799836845431129539e-01 1.620228489319572196e+00 0.000000000000000000e+00 0.000000000000000000e+00 0.000000000000000000e+00 0.000000000000000000e+00
3.407417371111111370e-02 6.717623883700000152e-04 2.448357065899999854e-20 5.700674006508757330e+00 1.000000000000000000e+00 6.688239437199999804e-01 3.746924466641312289e-05 1.586358955549476701e-01 5.883255125428510889e-03 -8.808316768554195209e-01 1.764888662375623030e+00 0.000000000000000000e+00 0.000000000000000000e+00 0.000000000000000000e+00 0.000000000000000000e+00
3.843820231722221842e-02 7.832604446799999948e-04 -4.213748344900000124e-20 6.400687812509941566e+00 1.000000000000000000e+00 7.103206198000000526e-01 5.075100719327309284e-05 1.865673058872238943e-01 6.460751750233788109e-03 -9.735786919679002560e-01 1.896162973790127104e+00 0.000000000000000000e+00 0.000000000000000000e+00 0.000000000000000000e+00 0.000000000000000000e+00
4.305966426777777661e-02 9.138357832200000265e-04 5.978822778700000446e-20 6.878977932481329383e+00 1.000000000000000000e+00 7.493597894600000364e-01 6.743300067303293504e-05 2.161103122794250653e-01 7.040929796089141247e-03 -1.054790242384587629e+00 2.011901753186109421e+00 0.000000000000000000e+00 0.000000000000000000e+00 0.000000000000000000e+00 0.000000000000000000e+00
4.793732228611111146e-02 1.067448262699999912e-03 8.047165049200000050e-21 7.367181802510296862e+00 1.000000000000000000e+00 7.860858387900000466e-01 8.702248729387774238e-05 2.470084208707390705e-01 7.630653383265484715e-03 -1.122102118629716871e+00 2.110870896514901673e+00 0.000000000000000000e+00 0.000000000000000000e+00 0.000000000000000000e+00 0.000000000000000000e+00
5.306987050500000525e-02 1.247568013300000105e-03 -1.055470176499999991e-20 7.880897584583110849e+00 1.000000000000000000e+00 8.206020276600000107e-01 1.084891639505993372e-04 2.790000637869972100e-01 8.232567507253433364e-03 -1.174353166795354397e+00 2.192653859975836284e+00 0.000000000000000000e+00 0.000000000000000000e+00 0.000000000000000000e+00 0.000000000000000000e+00
5.845593481666666591e-02 1.456368807000000013e-03 -3.618231844799999712e-20 8.419987744511759686e+00 1.000000000000000000e+00 8.529518697500000357e-01 1.304480397734657661e-04 3.118191610438475481e-01 8.839001290787662155e-03 -1.211527133309390880e+00 2.257489472344929027e+00 0.000000000000000000e+00 0.000000000000000000e+00 0.000000000000000000e+00 0.000000000000000000e+00
6.409407324444445220e-02 1.694090788800000020e-03 9.946124200299999882e-21 8.984307955123959744e+00 1.000000000000000000e+00 8.831228947700000553e-01 1.513313225389838754e-04 3.451954484986934912e-01 9.430708629141656626e-03 -1.234550544756740420e+00 2.306097315669375813e+00 0.000000000000000000e+00 0.000000000000000000e+00 0.000000000000000000e+00 0.000000000000000000e+00
6.998277631666666165e-02 1.958652526600000113e-03 6.069909918299999812e-20 9.573707133685617876e+00 1.000000000000000000e+00 9.110664917799999873e-01 1.694686494158574456e-04 3.788559301869088292e-01 9.980379407253716154e-03 -1.245013077817509251e+00 2.339524455625797472e+00 0.000000000000000000e+00 0.000000000000000000e+00 0.000000000000000000e+00 0.000000000000000000e+00
7.612046748888888492e-02 2.245596748600000008e-03 7.742054816000000275e-21 1.012983654454632365e+01 1.000000000000000000e+00 9.367251414899999684e-01 1.831359291340547025e-04 4.125282135697295738e-01 1.045768548361801151e-02 -1.244874785421538288e+00 2.359026744532918496e+00 0.000000000000000000e+00 0.000000000000000000e+00 0.000000000000000000e+00 0.000000000000000000e+00
8.250550354999999780e-02 2.548291343400000113e-03 -3.519376129299999744e-20 1.045329731149493391e+01 1.000000000000000000e+00 9.600578953699999696e-01 1.906103098391521305e-04 4.459456423937699920e-01 1.083393606485726079e-02 -1.236208556340434583e+00 2.365982465961157910e+00 0.000000000000000000e+00 0.000000000000000000e+00 0.000000000000000000e+00 0.000000000000000000e+00
8.913617507777778226e-02 2.858345708899999883e-03 -3.928693242100000094e-20 1.078920177268071612e+01 1.000000000000000000e+00 9.810576575299999602e-01 1.902178873052560559e-04 4.788533364892846311e-01 1.108709249809549345e-02 -1.221005811528672158e+00 2.361829370646798321e+00 0.000000000000000000e+00 0.000000000000000000e+00 0.000000000000000000e+00 0.000000000000000000e+00
9.601070687777778223e-02 3.166060616800000019e-03 -4.737188419900000087e-20 1.113745999818769228e+01 1.000000000000000000e+00 9.997585243600000116e-01 1.806634069218110406e-04 5.110139763942144198e-01 1.120520409483012972e-02 -1.201052453987823787e+00 2.348016497102213052e+00 0.000000000000000000e+00 0.000000000000000000e+00 0.000000000000000000e+00 0.000000000000000000e+00
1.031272584666666631e-01 3.461127829700000151e-03 7.386296284200000170e-20 1.149797875061753594e+01 1.000000000000000000e+00 1.016234797999999939e+00 1.617433429395319963e-04 5.422125336457804812e-01 1.118897319928223964e-02 -1.177866701692942941e+00 2.325965405403080499e+00 0.000000000000000000e+00 0.000000000000000000e+00 0.000000000000000000e+00 0.000000000000000000e+00
1.104839245777777673e-01 3.733858355900000064e-03 -2.687927273999999991e-20 1.187066151070061082e+01 1.000000000000000000e+00 1.030594074099999924e+00 1.350250816079284928e-04 5.722595376603639705e-01 1.105734925843777396e-02 -1.152683215410170714e+00 2.297039055571432620e+00 0.000000000000000000e+00 0.000000000000000000e+00 0.000000000000000000e+00 0.000000000000000000e+00
1.180787356500000024e-01 3.976737513399999750e-03 -5.603044321500000288e-20 1.218130839983594527e+01 1.000000000000000000e+00 1.042967052400000094e+00 1.035391930373120864e-04 6.009928979611222077e-01 1.084993956516665074e-02 -1.126466837546192812e+00 2.262517748839171894e+00 0.000000000000000000e+00 0.000000000000000000e+00 0.000000000000000000e+00 0.000000000000000000e+00
1.259096583722222329e-01 4.185451834300000368e-03 -8.967424452400000354e-20 1.241032744071907956e+01 1.000000000000000000e+00 1.053497913700000010e+00 7.095686396232110790e-05 6.282785438231176522e-01 1.061575826165776955e-02 -1.099943156001640387e+00 2.223580787643215206e+00 0.000000000000000000e+00 0.000000000000000000e+00 0.000000000000000000e+00 0.000000000000000000e+00
1.339745962166666582e-01 4.359338670300000329e-03 -8.140904300799999773e-20 1.264619036459589552e+01 1.000000000000000000e+00 1.062337250199999916e+00 4.077012121889350883e-05 6.540101442792225495e-01 1.039557098738737306e-02 -1.073638000145308524e+00 2.181292461658629112e+00 0.000000000000000000e+00 0.000000000000000000e+00 0.000000000000000000e+00 0.000000000000000000e+00
1.422713899999999976e-01 4.501211930200000114e-03 1.824878386500000001e-19 1.288883402512801446e+01 1.000000000000000000e+00 1.069636016100000031e+00 1.513690463886390750e-05 6.781079706210549896e-01 1.020723298455133293e-02 -1.047917788468254896e+00 2.136592461331480397e+00 0.000000000000000000e+00 0.000000000000000000e+00 0.000000000000000000e+00 0.000000000000000000e+00
1.507978184722222337e-01 4.616123599200000135e-03 -1.104583536099999977e-19 1.313819346080800798e+01 1.000000000000000000e+00 1.075541318600000018e+00 -5.729203680450774773e-06 7.005165612065716862e-01 1.003942215353956918e-02 -1.023027260979740394e+00 2.090293022755494778e+00 0.000000000000000000e+00 0.000000000000000000e+00 0.000000000000000000e+00 0.000000000000000000e+00
1.595515989055555639e-01 4.710107583400000020e-03 7.196001378800000595e-20 1.331727578750239971e+01 1.000000000000000000e+00 1.080192965900000024e+00 -2.160094964195507890e-05 7.212009863365111961e-01 9.855960626562344090e-03 -9.991254674125944479e-01 2.043085937899379534e+00 0.000000000000000000e+00 0.000000000000000000e+00 0.000000000000000000e+00 0.000000000000000000e+00
1.685303877000000061e-01 4.790173110100000298e-03 1.788753334899999962e-19 1.350037302815523610e+01 1.000000000000000000e+00 1.083717888600000068e+00 -3.096660724623937779e-05 7.401430978521991166e-01 9.616248101674086668e-03 -9.763149139596815074e-01 1.995561640281435789e+00 0.000000000000000000e+00 0.000000000000000000e+00 0.000000000000000000e+00 0.000000000000000000e+00
1.777317810111111174e-01 4.864133429700000059e-03 1.771667161799999919e-19 1.368683771589337361e+01 1.000000000000000000e+00 1.086230050199999964e+00 -3.231646669003192273e-05 7.573398929205116259e-01 9.299976877034477757e-03 -9.546531824297956881e-01 1.948227722655666572e+00 0.000000000000000000e+00 0.000000000000000000e+00 0.000000000000000000e+00 0.000000000000000000e+00
1.871533154111111041e-01 4.939506087599999928e-03 2.254417266699999967e-19 1.384517409900801432e+01 1.000000000000000000e+00 1.087832192600000081e+00 -2.573404505072742867e-05 7.728035352015334425e-01 8.899360521370176455e-03 -9.341531336100736826e-01 1.901511535014622334e+00 0.000000000000000000e+00 0.000000000000000000e+00 0.000000000000000000e+00 0.000000000000000000e+00
1.967924685166666798e-01 5.022891526399999793e-03 -2.030006343200000117e-19 1.397879242604970251e+01 1.000000000000000000e+00 1.088610867499999912e+00 -1.210664606377356572e-05 7.865610240468280390e-01 8.390457403182225923e-03 -9.147909448369311303e-01 1.855755875706335045e+00 0.000000000000000000e+00 0.000000000000000000e+00 0.000000000000000000e+00 0.000000000000000000e+00
2.066466597111111247e-01 5.119674046600000174e-03 2.208716447800000030e-20 1.410573035133195496e+01 1.000000000000000000e+00 1.088626896999999927e+00 7.339142982152498988e-06 7.986534697462788213e-01 7.734994088796613536e-03 -8.965216489771140607e-01 1.811220480560447266e+00 0.000000000000000000e+00 0.000000000000000000e+00 0.000000000000000000e+00 0.000000000000000000e+00
2.167132507722221990e-01 5.232677351800000404e-03 -4.742821224199999895e-21 1.423540433053003795e+01 1.000000000000000000e+00 1.087912811500000076e+00 3.045594033341338146e-05 8.091347046068171345e-01 6.910824676321039410e-03 -8.792866900714442213e-01 1.768090296922218974e+00 0.000000000000000000e+00 0.000000000000000000e+00 0.000000000000000000e+00 0.000000000000000000e+00
2.269895466388888727e-01 5.361819474199999887e-03 1.951466275199999971e-19 1.436777964689660969e+01 1.000000000000000000e+00 1.086486104100000016e+00 5.320636809422033854e-05 8.180682172697545385e-01 5.946283747873292065e-03 -8.630170164004293820e-01 1.726489263048494038e+00 0.000000000000000000e+00 0.000000000000000000e+00 0.000000000000000000e+00 0.000000000000000000e+00
2.374727960944444383e-01 5.503636573400000342e-03 3.027951505799999827e-19 1.450282086030991913e+01 1.000000000000000000e+00 1.084370100899999967e+00 6.911973380932602052e-05 8.255238484563599544e-01 4.927197683213067197e-03 -8.476366863356378234e-01 1.686491636101489666e+00 0.000000000000000000e+00 0.000000000000000000e+00 0.000000000000000000e+00 0.000000000000000000e+00
2.481601925222222393e-01 5.646958832099999680e-03 5.046166512000000276e-19 1.461200461027541664e+01 1.000000000000000000e+00 1.081597762299999932e+00 6.982256434352092649e-05 8.315766016787063952e-01 3.967249527010231411e-03 -8.330646197176115875e-01 1.648121155201337729e+00 0.000000000000000000e+00 0.000000000000000000e+00 0.000000000000000000e+00 0.000000000000000000e+00
2.590488746444444268e-01 5.771400362699999689e-03 4.246909133199999937e-19 1.470544944742078108e+01 1.000000000000000000e+00 1.078191150299999901e+00 5.130297755236546911e-05 8.363064847864170037e-01 3.148195212097170455e-03 -8.192209721137818645e-01 1.611364516147130610e+00 0.000000000000000000e+00 0.000000000000000000e+00 0.000000000000000000e+00 0.000000000000000000e+00
2.701359273000000227e-01 5.856516965899999719e-03 1.000930548899999992e-19 1.480059666709267496e+01 1.000000000000000000e+00 1.074146990000000024e+00 1.941124318004186641e-05 8.397981262756625265e-01 2.485615676584449537e-03 -8.060316822815792870e-01 1.576198900348821930e+00 0.000000000000000000e+00 0.000000000000000000e+00 0.000000000000000000e+00 0.000000000000000000e+00
2.814183822222222076e-01 5.892154465800000275e-03 -3.922084085000000220e-19 1.489742079612619108e+01 1.000000000000000000e+00 1.069450194000000076e+00 -1.464479592398858114e-05 8.421389528326634899e-01 1.958078102045769653e-03 -7.934248953653550984e-01 1.542592598966597395e+00 0.000000000000000000e+00 0.000000000000000000e+00 0.000000000000000000e+00 0.000000000000000000e+00
2.928932188111110779e-01 5.877111622999999646e-03 -1.960046913799999936e-19 1.499589591224057017e+01 1.000000000000000000e+00 1.064096631600000009e+00 -4.466841090130183468e-05 8.434158131571510841e-01 1.547549743883617308e-03 -7.813298029078158402e-01 1.510498340383212179e+00 0.000000000000000000e+00 0.000000000000000000e+00 0.000000000000000000e+00 0.000000000000000000e+00
3.045573649888888568e-01 5.809868202700000164e-03 -1.113267442700000005e-19 1.509599565138143085e+01 1.000000000000000000e+00 1.058094153200000109e+00 -7.363059747034995310e-05 8.437129740971390790e-01 1.251293549535134088e-03 -7.696709754539619031e-01 1.479849834060956271e+00 0.000000000000000000e+00 0.000000000000000000e+00 0.000000000000000000e+00 0.000000000000000000e+00
3.164076979777777909e-01 5.683101365899999834e-03 -6.849208393799999988e-20 1.519769321439551923e+01 1.000000000000000000e+00 1.051459316599999916e+00 -1.091810427541938184e-04 8.431112706506483923e-01 1.067249674508233921e-03 -7.583661497528528805e-01 1.450571578910360593e+00 0.000000000000000000e+00 0.000000000000000000e+00 0.000000000000000000e+00 0.000000000000000000e+00
3.284410451555555555e-01 5.492014364600000288e-03 2.241386712699999966e-20 1.530096137437295489e+01 1.000000000000000000e+00 1.044217669800000081e+00 -1.514780335026274865e-04 8.416871238592851245e-01 9.598822141096084162e-04 -7.473409890776608888e-01 1.422607241410019041e+00 0.000000000000000000e+00 0.000000000000000000e+00 0.000000000000000000e+00 0.000000000000000000e+00
3.406541848999999900e-01 5.247057140300000200e-03 1.439106395700000034e-19 1.540577248389410414e+01 1.000000000000000000e+00 1.036408722100000013e+00 -1.919001541467247381e-04 8.395138140272645488e-01 8.845033859156866936e-04 -7.365357670262023815e-01 1.395924867842742056e+00 0.000000000000000000e+00 0.000000000000000000e+00 0.000000000000000000e+00 0.000000000000000000e+00
3.530438474666666715e-01 4.968030680899999593e-03 -3.221513437699999877e-19 1.551209848256251966e+01 1.000000000000000000e+00 1.028083917400000047e+00 -2.245013404681044718e-04 8.366629023298340906e-01 8.390898437956636601e-04 -7.258968611157325945e-01 1.370484931786848382e+00 0.000000000000000000e+00 0.000000000000000000e+00 0.000000000000000000e+00 0.000000000000000000e+00
3.656067158388888738e-01 4.671862466200000195e-03 -3.898970811399999924e-19 1.560034781704239215e+01 1.000000000000000000e+00 1.019280751099999938e+00 -2.473338094317319527e-04 8.332036701298808357e-01 8.495466988614262631e-04 -7.153665399187046914e-01 1.346225571161235202e+00 0.000000000000000000e+00 0.000000000000000000e+00 0.000000000000000000e+00 0.000000000000000000e+00
3.783394266277777529e-01 4.372922474700000235e-03 -1.431520885900000063e-19 1.568610579077889255e+01 1.000000000000000000e+00 1.010016454699999899e+00 -2.562551503647299907e-04 8.292015432936551411e-01 9.408719453112886905e-04 -7.048861653043555497e-01 1.323068603760404249e+00 0.000000000000000000e+00 0.000000000000000000e+00 0.000000000000000000e+00 0.000000000000000000e+00
3.912385709888889229e-01 4.083212025900000153e-03 4.583976142800000210e-20 1.577298473601566187e+01 1.000000000000000000e+00 1.000325393500000049e+00 -2.470259965963764962e-04 8.247158647143241206e-01 1.126629828576874949e-03 -6.944066039296078463e-01 1.300919129406679975e+00 0.000000000000000000e+00 0.000000000000000000e+00 0.000000000000000000e+00 0.000000000000000000e+00
4.043006955055555296e-01 3.808484399199999881e-03 -3.593691594100000117e-19 1.586096139313259812e+01 1.000000000000000000e+00 9.902656355100000196e-01 -2.184713174143215004e-04 8.197977925493363793e-01 1.408889245340182389e-03 -6.838815850853492417e-01 1.279674169623245206e+00 0.000000000000000000e+00 0.000000000000000000e+00 0.000000000000000000e+00 0.000000000000000000e+00
4.175223031333332724e-01 3.548578038399999909e-03 1.280364582399999961e-19 1.595001220866566705e+01 1.000000000000000000e+00 9.798987127999999602e-01 -1.749252645614864164e-04 8.144891174659258937e-01 1.794738099588612896e-03 -6.732718158851328516e-01 1.259256943786148053e+00 0.000000000000000000e+00 0.000000000000000000e+00 0.000000000000000000e+00 0.000000000000000000e+00
4.308998541222222589e-01 3.301437574500000038e-03 8.703433690699999399e-20 1.604011334151829971e+01 1.000000000000000000e+00 9.692742358699999450e-01 -1.250787794139410593e-04 8.088250545187485319e-01 2.281619940630105411e-03 -6.625522945089985516e-01 1.239622095211955211e+00 0.000000000000000000e+00 0.000000000000000000e+00 0.000000000000000000e+00 0.000000000000000000e+00
4.444297669777777515e-01 3.064092147200000050e-03 5.560460321000000149e-19 1.613124066943470680e+01 1.000000000000000000e+00 9.584332096500000064e-01 -7.960107594858944395e-05 8.028391339837976926e-01 2.847014079360266330e-03 -6.517013361049925901e-01 1.220730470165072079e+00 0.000000000000000000e+00 0.000000000000000000e+00 0.000000000000000000e+00 0.000000000000000000e+00
4.581084194277777466e-01 2.830515470699999838e-03 -8.092462183800000376e-21 1.622336979551063152e+01 1.000000000000000000e+00 9.474008829400000220e-01 -5.101663190138804103e-05 7.965652695563003594e-01 3.445937320291431443e-03 -6.406877497736715998e-01 1.202541628925319017e+00 0.000000000000000000e+00 0.000000000000000000e+00 0.000000000000000000e+00 0.000000000000000000e+00
4.719321493500000519e-01 2.593845301400000015e-03 -1.528743088199999944e-20 1.631647605444214832e+01 1.000000000000000000e+00 9.361780561200000461e-01 -4.674783466446713810e-05 7.900370061569255142e-01 4.013938027424055963e-03 -6.294758906626557460e-01 1.185008542398011011e+00 0.000000000000000000e+00 0.000000000000000000e+00 0.000000000000000000e+00 0.000000000000000000e+00
4.858972558055555391e-01 2.353104432799999791e-03 6.438483079900000175e-20 1.641053451948543085e+01 1.000000000000000000e+00 9.247636046699999612e-01 -6.153839057853890493e-05 7.832879230726428332e-01 4.497536577668611625e-03 -6.180332657113388750e-01 1.168069304380820128e+00 0.000000000000000000e+00 0.000000000000000000e+00 0.000000000000000000e+00 0.000000000000000000e+00
5.000000000000000000e-01 2.113018185300000098e-03 -4.258062085799999872e-19 1.650552000893008042e+01 1.000000000000000000e+00 9.131647833099999501e-01 -8.314939552944158267e-05 7.763545448772521951e-01 4.875997236621904332e-03 -6.063232591988008124e-01 1.151657882894262519e+00 0.000000000000000000e+00 0.000000000000000000e+00 0.000000000000000000e+00 0.000000000000000000e+00
5.142366062833333418e-01 1.880803551899999995e-03 -1.557094869799999962e-19 1.659274123773689880e+01 1.000000000000000000e+00 9.013970429500000048e-01 -1.022738592288833300e-04 7.692751421014297764e-01 5.143030429108198451e-03 -5.943063972969888642e-01 1.135719375070262771e+00 0.000000000000000000e+00 0.000000000000000000e+00 0.000000000000000000e+00 0.000000000000000000e+00
5.286032631722222819e-01 1.662138834899999900e-03 1.012740661899999977e-19 1.666033302086607293e+01 1.000000000000000000e+00 8.894804815700000367e-01 -1.165311505397466157e-04 7.620849503805542380e-01 5.306633643347164440e-03 -5.819603879074223274e-01 1.120212516470442399e+00 0.000000000000000000e+00 0.000000000000000000e+00 0.000000000000000000e+00 0.000000000000000000e+00
5.430961243722222109e-01 1.457042715600000019e-03 -2.819143450199999947e-19 1.672851856596036768e+01 1.000000000000000000e+00 8.774356777899999793e-01 -1.279080433139860064e-04 7.548161232326140446e-01 5.389401473177586784e-03 -5.692731405258840693e-01 1.105085581894267754e+00 0.000000000000000000e+00 0.000000000000000000e+00 0.000000000000000000e+00 0.000000000000000000e+00
5.577113097777777195e-01 1.262010435800000078e-03 -1.418340123800000047e-19 1.679727961802454317e+01 1.000000000000000000e+00 8.652758467400000209e-01 -1.380994297716781863e-04 7.475010891431942417e-01 5.415351670862010580e-03 -5.562195046559655909e-01 1.090278096820564313e+00 0.000000000000000000e+00 0.000000000000000000e+00 0.000000000000000000e+00 0.000000000000000000e+00
5.724449065555555771e-01 1.074122597399999966e-03 -2.183594140600000152e-19 1.686659776808675204e+01 1.000000000000000000e+00 8.530104827400000200e-01 -1.465636162388247250e-04 7.401731290592776791e-01 5.423903083627419977e-03 -5.427564945159966125e-01 1.075730980239362422e+00 0.000000000000000000e+00 0.000000000000000000e+00 0.000000000000000000e+00 0.000000000000000000e+00
5.872929702222221549e-01 8.876022834599999693e-04 -7.773645460200000594e-20 1.693645445826925666e+01 1.000000000000000000e+00 8.406495722600000331e-01 -1.519237178776555025e-04 7.328636091829936472e-01 5.453064809366491884e-03 -5.288409461375586096e-01 1.061395742330913938e+00 0.000000000000000000e+00 0.000000000000000000e+00 0.000000000000000000e+00 0.000000000000000000e+00
6.022515255000000511e-01 6.919906008900000502e-04 -3.949947690299999859e-19 1.700683098581362529e+01 1.000000000000000000e+00 8.282053344900000003e-01 -1.520144252602856837e-04 7.256007239563765365e-01 5.516494573188679071e-03 -5.144444656806734795e-01 1.047241089289863814e+00 0.000000000000000000e+00 0.000000000000000000e+00 0.000000000000000000e+00 0.000000000000000000e+00
6.173165676111110889e-01 4.739904872800000213e-04 -2.127491409700000114e-19 1.707770850917075478e+01 1.000000000000000000e+00 8.157058383599999907e-01 -1.479102907398246428e-04 7.184098729336961808e-01 5.596255607754211173e-03 -4.995475009004057276e-01 1.033242274916074788e+00 0.000000000000000000e+00 0.000000000000000000e+00 0.000000000000000000e+00 0.000000000000000000e+00
6.324840633888888508e-01 2.231946366000000007e-04 3.048511241500000049e-19 1.714906805322843297e+01 1.000000000000000000e+00 8.031948100100000376e-01 -1.436910137885017975e-04 7.113130719966246351e-01 5.652849117069706948e-03 -4.841395347757839751e-01 1.019368689837194975e+00 0.000000000000000000e+00 0.000000000000000000e+00 0.000000000000000000e+00 0.000000000000000000e+00
6.477499520555555224e-01 -6.688165366500000201e-05 -2.422180954900000193e-19 1.722089051297058049e+01 1.000000000000000000e+00 7.907167695300000299e-01 -1.450344320990766198e-04 7.043289911573573647e-01 5.681001128596362484e-03 -4.682242829410226959e-01 1.005608476571008270e+00 0.000000000000000000e+00 0.000000000000000000e+00 0.000000000000000000e+00 0.000000000000000000e+00
6.631101466111111176e-01 -4.011157405500000227e-04 1.239404707100000111e-19 1.729315666001165042e+01 1.000000000000000000e+00 7.783088842700000010e-01 -1.571942906379025112e-04 6.974748714960681273e-01 5.720084384589366709e-03 -4.518071043899525296e-01 9.919845802188307360e-01 0.000000000000000000e+00 0.000000000000000000e+00 0.000000000000000000e+00 0.000000000000000000e+00
6.785605347222222195e-01 -7.773010679699999528e-04 1.414040416499999906e-19 1.736584714677864838e+01 1.000000000000000000e+00 7.659951194299999822e-01 -1.798958724339401254e-04 6.907699611950349761e-01 5.796147415669964352e-03 -4.348853008565988221e-01 9.785261172635172366e-01 0.000000000000000000e+00 0.000000000000000000e+00 0.000000000000000000e+00 0.000000000000000000e+00
6.940969798888888542e-01 -1.186937322299999945e-03 5.179739078100000279e-20 1.741171062907045908e+01 1.000000000000000000e+00 7.538168738399999569e-01 -2.097155829567626359e-04 6.842360393115111128e-01 5.891736613928169435e-03 -4.174537890439586341e-01 9.652457746479009559e-01 0.000000000000000000e+00 0.000000000000000000e+00 0.000000000000000000e+00 0.000000000000000000e+00
7.097153227222221528e-01 -1.624469027699999976e-03 -2.965258393899999811e-19 1.745586745315693022e+01 1.000000000000000000e+00 7.418382464099999574e-01 -2.426708660158577728e-04 6.778952453447143478e-01 5.979297866166485495e-03 -3.995067451917190260e-01 9.521426621133468604e-01 0.000000000000000000e+00 0.000000000000000000e+00 0.000000000000000000e+00 0.000000000000000000e+00
7.254113818333333130e-01 -2.086400867900000105e-03 2.115085158199999968e-19 1.750024399991456647e+01 1.000000000000000000e+00 7.301026512899999599e-01 -2.720473915675540762e-04 6.717700291743479157e-01 6.034724025608189171e-03 -3.810360191175440892e-01 9.392096585779988738e-01 0.000000000000000000e+00 0.000000000000000000e+00 0.000000000000000000e+00 0.000000000000000000e+00
7.411809548888889099e-01 -2.562670043199999966e-03 -6.656660366600000189e-19 1.754482838833295943e+01 1.000000000000000000e+00 7.186388807700000436e-01 -2.905421660963884039e-04 6.658829004144211083e-01 6.029529201310763684e-03 -3.620305977334636327e-01 9.264436665782268543e-01 0.000000000000000000e+00 0.000000000000000000e+00 0.000000000000000000e+00 0.000000000000000000e+00
7.570198201111111302e-01 -3.035700069899999968e-03 1.680622268199999945e-19 1.758960868242755993e+01 1.000000000000000000e+00 7.074850658600000397e-01 -2.955529907699527663e-04 6.602549326301223598e-01 5.941686866407771758e-03 -3.424827029703587100e-01 9.138704909466615067e-01 0.000000000000000000e+00 0.000000000000000000e+00 0.000000000000000000e+00 0.000000000000000000e+00
7.729237369444444949e-01 -3.488921062300000091e-03 4.682831858400000238e-19 1.763457289312452403e+01 1.000000000000000000e+00 6.966904072899999800e-01 -2.908861589300497505e-04 6.549058014992947818e-01 5.765111069956383415e-03 -3.223963669211936667e-01 9.015307131332491730e-01 0.000000000000000000e+00 0.000000000000000000e+00 0.000000000000000000e+00 0.000000000000000000e+00
7.888884476666666590e-01 -3.910812150599999974e-03 -3.280169706499999822e-21 1.767970898281567926e+01 1.000000000000000000e+00 6.863145433499999726e-01 -2.804459422067702217e-04 6.498540581164724550e-01 5.518347967265176644e-03 -3.017887186703615554e-01 8.894665464940628707e-01 0.000000000000000000e+00 0.000000000000000000e+00 0.000000000000000000e+00 0.000000000000000000e+00
8.049096779999999063e-01 -4.288472040399999956e-03 1.449095235299999883e-19 1.772500486708631939e+01 1.000000000000000000e+00 6.764307200900000483e-01 -2.620248768512727132e-04 6.451152241669996235e-01 5.215261363988060728e-03 -2.806867629509062767e-01 8.777471768045801426e-01 0.000000000000000000e+00 0.000000000000000000e+00 0.000000000000000000e+00 0.000000000000000000e+00
8.209831387222221721e-01 -4.606243659799999675e-03 3.446750505799999870e-19 1.777044841927017771e+01 1.000000000000000000e+00 6.671186998500000520e-01 -2.323496169345162169e-04 6.407004203992778812e-01 4.855543552186936292e-03 -2.591240149535927184e-01 8.664779522617592766e-01 0.000000000000000000e+00 0.000000000000000000e+00 0.000000000000000000e+00 0.000000000000000000e+00
8.371045266111110106e-01 -4.854481421900000079e-03 3.284675949999999894e-20 1.781284621931570911e+01 1.000000000000000000e+00 6.584446904299999792e-01 -1.940735122285645604e-04 6.366188342083058949e-01 4.443105381394244456e-03 -2.371348060549789971e-01 8.557617092827268790e-01 0.000000000000000000e+00 0.000000000000000000e+00 0.000000000000000000e+00 0.000000000000000000e+00
8.532695255555555747e-01 -5.034932986500000388e-03 2.265466951100000200e-19 1.783842498782927066e+01 1.000000000000000000e+00 6.504506018600000328e-01 -1.526820547617472874e-04 6.328820628928170100e-01 3.992657317978732905e-03 -2.147441584007945825e-01 8.456801443435945087e-01 0.000000000000000000e+00 0.000000000000000000e+00 0.000000000000000000e+00 0.000000000000000000e+00
8.694738077777777185e-01 -5.156731834200000211e-03 3.508852173299999985e-19 1.786406591643775243e+01 1.000000000000000000e+00 6.431600228999999613e-01 -1.125800337255383358e-04 6.295047885131473953e-01 3.525328718468145103e-03 -1.919690431010122322e-01 8.363100212127321242e-01 0.000000000000000000e+00 0.000000000000000000e+00 0.000000000000000000e+00 0.000000000000000000e+00
8.857130350555555420e-01 -5.229934684899999880e-03 -1.294305772999999909e-19 1.788976214053309732e+01 1.000000000000000000e+00 6.365940677800000502e-01 -7.789400630911419768e-05 6.265014161276515336e-01 3.064056266346001142e-03 -1.688258033671083957e-01 8.277274517284232136e-01 0.000000000000000000e+00 0.000000000000000000e+00 0.000000000000000000e+00 0.000000000000000000e+00
9.019828596666666920e-01 -5.262019178400000226e-03 2.379390418199999988e-20 1.791550678047487111e+01 1.000000000000000000e+00 6.307828800600000507e-01 -4.877618420473527511e-05 6.238831296332998377e-01 2.620848879320803512e-03 -1.453411777319398579e-01 8.200124968518179847e-01 0.000000000000000000e+00 0.000000000000000000e+00 0.000000000000000000e+00 0.000000000000000000e+00
9.182789258888888195e-01 -5.258631558500000309e-03 -9.797512046699999634e-20 1.794129294396380914e+01 1.000000000000000000e+00 6.257634220600000186e-01 -2.010802271500221661e-05 6.216576221547948089e-01 2.187387610790642728e-03 -1.215581440424190196e-01 8.132564914652994359e-01 0.000000000000000000e+00 0.000000000000000000e+00 0.000000000000000000e+00 0.000000000000000000e+00
9.345968707777777551e-01 -5.227146281499999748e-03 -4.440433513100000315e-19 1.796711372727251543e+01 1.000000000000000000e+00 6.215806105400000225e-01 1.093129078462904932e-05 6.198303845236081688e-01 1.759610562417335137e-03 -9.752956391170951311e-02 8.075610379069939615e-01 0.000000000000000000e+00 0.000000000000000000e+00 0.000000000000000000e+00 0.000000000000000000e+00
9.509323256666666335e-01 -5.179625889200000291e-03 -3.926346240300000207e-19 1.798997694640547351e+01 1.000000000000000000e+00 6.182836499099999550e-01 3.721118557372333276e-05 6.184058932304502543e-01 1.355205078060803649e-03 -7.330851691915181434e-02 8.030229718949289941e-01 0.000000000000000000e+00 0.000000000000000000e+00 0.000000000000000000e+00 0.000000000000000000e+00
9.672809171666666428e-01 -5.131194731499999842e-03 1.417401323099999864e-20 1.799904982763911576e+01 1.000000000000000000e+00 6.159141609099999526e-01 4.583670156615429151e-05 6.173872841884722185e-01 1.015890163274603018e-03 -4.894621995458726949e-02 7.997236463370813730e-01 0.000000000000000000e+00 0.000000000000000000e+00 0.000000000000000000e+00 0.000000000000000000e+00
9.836382683888889034e-01 -5.095971161100000014e-03 -1.634489600999999980e-19 1.800812757020404931e+01 1.000000000000000000e+00 6.144903699299999467e-01 3.082242463158140676e-05 6.167759975098484615e-01 7.919553405620285589e-04 -2.449395827655009850e-02 7.977218547072588706e-01 0.000000000000000000e+00 0.000000000000000000e+00 0.000000000000000000e+00 0.000000000000000000e+00
1.000000000000000000e+00 -5.083247387800000384e-03 0.000000000000000000e+00 1.801720774372752487e+01 1.000000000000000000e+00 6.140155185200000254e-01 0.000000000000000000e+00 6.165722772899999704e-01 7.149122663512969770e-04 0.000000000000000000e+00 7.970506068908063124e-01 0.000000000000000000e+00 0.000000000000000000e+00 0.000000000000000000e+00 0.000000000000000000e+00
1.016361731611111097e+00 -5.095971161100000014e-03 1.634489600999999980e-19 1.801282215027197253e+01 1.000000000000000000e+00 6.144903699299999467e-01 -3.082242463158140676e-05 6.167759975098484615e-01 7.919553405620285589e-04 2.449395827655009850e-02 7.977218547072588706e-01 0.000000000000000000e+00 0.000000000000000000e+00 0.000000000000000000e+00 0.000000000000000000e+00
1.032719082833333246e+00 -5.131194731499999842e-03 -1.417401323099999864e-20 1.800843773093449585e+01 1.000000000000000000e+00 6.159141609099999526e-01 -4.583670156615429151e-05 6.173872841884722185e-01 1.015890163274603018e-03 4.894621995458726949e-02 7.997236463370813730e-01 0.000000000000000000e+00 0.000000000000000000e+00 0.000000000000000000e+00 0.000000000000000000e+00
1.049067674333333366e+00 -5.179625889200000291e-03 3.926346240300000207e-19 1.800405565955024301e+01 1.000000000000000000e+00 6.182836499099999550e-01 -3.721118557372333276e-05 6.184058932304502543e-01 1.355205078060803649e-03 7.330851691915181434e-02 8.030229718949289941e-01 0.000000000000000000e+00 0.000000000000000000e+00 0.000000000000000000e+00 0.000000000000000000e+00
1.065403129222222134e+00 -5.227146281499999748e-03 4.440433513100000315e-19 1.798148269364499896e+01 1.000000000000000000e+00 6.215806105400000225e-01 -1.093129078462904932e-05 6.198303845236081688e-01 1.759610562417335137e-03 9.752956391170951311e-02 8.075610379069939615e-01 0.000000000000000000e+00 0.000000000000000000e+00 0.000000000000000000e+00 0.000000000000000000e+00
1.081721074111111180e+00 -5.258631558500000309e-03 9.797512046699999634e-20 1.795500157799608232e+01 1.000000000000000000e+00 6.257634220600000186e-01 2.010802271500221661e-05 6.216576221547948089e-01 2.187387610790642728e-03 1.215581440424190196e-01 8.132564914652994359e-01 0.000000000000000000e+00 0.000000000000000000e+00 0.000000000000000000e+00 0.000000000000000000e+00
1.098017140333333419e+00 -5.262019178400000226e-03 -2.379390418199999988e-20 1.792855596752298553e+01 1.000000000000000000e+00 6.307828800600000507e-01 4.877618420473527511e-05 6.238831296332998377e-01 2.620848879320803512e-03 1.453411777319398579e-01 8.200124968518179847e-01 0.000000000000000000e+00 0.000000000000000000e+00 0.000000000000000000e+00 0.000000000000000000e+00
1.114286964944444458e+00 -5.229934684899999880e-03 1.294305772999999909e-19 1.790215294250678113e+01 1.000000000000000000e+00 6.365940677800000502e-01 7.789400630911419768e-05 6.265014161276515336e-01 3.064056266346001142e-03 1.688258033671083957e-01 8.277274517284232136e-01 0.000000000000000000e+00 0.000000000000000000e+00 0.000000000000000000e+00 0.000000000000000000e+00
1.130526192222222281e+00 -5.156731834200000211e-03 -3.508852173299999985e-19 1.787579957150816412e+01 1.000000000000000000e+00 6.431600228999999613e-01 1.125800337255383358e-04 6.295047885131473953e-01 3.525328718468145103e-03 1.919690431010122322e-01 8.363100212127321242e-01 0.000000000000000000e+00 0.000000000000000000e+00 0.000000000000000000e+00 0.000000000000000000e+00
1.146730474444444425e+00 -5.034932986500000388e-03 -2.265466951100000200e-19 1.784950291010526513e+01 1.000000000000000000e+00 6.504506018600000328e-01 1.526820547617472874e-04 6.328820628928170100e-01 3.992657317978732905e-03 2.147441584007945825e-01 8.456801443435945087e-01 0.000000000000000000e+00 0.000000000000000000e+00 0.000000000000000000e+00 0.000000000000000000e+00
1.162895473388888989e+00 -4.854481421900000079e-03 -3.284675949999999894e-20 1.782326999845939142e+01 1.000000000000000000e+00 6.584446904299999792e-01 1.940735122285645604e-04 6.366188342083058949e-01 4.443105381394244456e-03 2.371348060549789971e-01 8.557617092827268790e-01 0.000000000000000000e+00 0.000000000000000000e+00 0.000000000000000000e+00 0.000000000000000000e+00
1.179016861277777828e+00 -4.606243659799999675e-03 -3.446750505799999870e-19 1.777388049969777839e+01 1.000000000000000000e+00 6.671186998500000520e-01 2.323496169345162169e-04 6.407004203992778812e-01 4.855543552186936292e-03 2.591240149535927184e-01 8.664779522617592766e-01 0.000000000000000000e+00 0.000000000000000000e+00 0.000000000000000000e+00 0.000000000000000000e+00
1.195090321999999983e+00 -4.288472040399999956e-03 -1.449095235299999883e-19 1.772027542651568766e+01 1.000000000000000000e+00 6.764307200900000483e-01 2.620248768512727132e-04 6.451152241669996235e-01 5.215261363988060728e-03 2.806867629509062767e-01 8.777471768045801426e-01 0.000000000000000000e+00 0.000000000000000000e+00 0.000000000000000000e+00 0.000000000000000000e+00
1.211111552333333341e+00 -3.910812150599999974e-03 3.280169706499999822e-21 1.766684454194593457e+01 1.000000000000000000e+00 6.863145433499999726e-01 2.804459422067702217e-04 6.498540581164724550e-01 5.518347967265176644e-03 3.017887186703615554e-01 8.894665464940628707e-01 0.000000000000000000e+00 0.000000000000000000e+00 0.000000000000000000e+00 0.000000000000000000e+00
1.227076263055555394e+00 -3.488921062300000091e-03 -4.682831858400000238e-19 1.761360215056643241e+01 1.000000000000000000e+00 6.966904072899999800e-01 2.908861589300497505e-04 6.549058014992947818e-01 5.765111069956383415e-03 3.223963669211936667e-01 9.015307131332491730e-01 0.000000000000000000e+00 0.000000000000000000e+00 0.000000000000000000e+00 0.000000000000000000e+00
1.242980179888888870e+00 -3.035700069899999968e-03 -1.680622268199999945e-19 1.756056250711528222e+01 1.000000000000000000e+00 7.074850658600000397e-01 2.955529907699527663e-04 6.602549326301223598e-01 5.941686866407771758e-03 3.424827029703587100e-01 9.138704909466615067e-01 0.000000000000000000e+00 0.000000000000000000e+00 0.000000000000000000e+00 0.000000000000000000e+00
1.258819045111111201e+00 -2.562670043199999966e-03 6.656660366600000189e-19 1.750773981111773026e+01 1.000000000000000000e+00 7.186388807700000436e-01 2.905421660963884039e-04 6.658829004144211083e-01 6.029529201310763684e-03 3.620305977334636327e-01 9.264436665782268543e-01 0.000000000000000000e+00 0.000000000000000000e+00 0.000000000000000000e+00 0.000000000000000000e+00
1.274588618166666798e+00 -2.086400867900000105e-03 -2.115085158199999968e-19 1.745514820484810414e+01 1.000000000000000000e+00 7.301026512899999599e-01 2.720473915675540762e-04 6.717700291743479157e-01 6.034724025608189171e-03 3.810360191175440892e-01 9.392096585779988738e-01 0.000000000000000000e+00 0.000000000000000000e+00 0.000000000000000000e+00 0.000000000000000000e+00
1.290284677277777847e+00 -1.624469027699999976e-03 2.965258393899999811e-19 1.740280176795674549e+01 1.000000000000000000e+00 7.418382464099999574e-01 2.426708660158577728e-04 6.778952453447143478e-01 5.979297866166485495e-03 3.995067451917190260e-01 9.521426621133468604e-01 0.000000000000000000e+00 0.000000000000000000e+00 0.000000000000000000e+00 0.000000000000000000e+00
1.305903020111111257e+00 -1.186937322299999945e-03 -5.179739078100000279e-20 1.735071451524667197e+01 1.000000000000000000e+00 7.538168738399999569e-01 2.097155829567626359e-04 6.842360393115111128e-01 5.891736613928169435e-03 4.174537890439586341e-01 9.652457746479009559e-01 0.000000000000000000e+00 0.000000000000000000e+00 0.000000000000000000e+00 0.000000000000000000e+00
1.321439465277777892e+00 -7.773010679699999528e-04 -1.414040416499999906e-19 1.729764280049250758e+01 1.000000000000000000e+00 7.659951194299999822e-01 1.798958724339401254e-04 6.907699611950349761e-01 5.796147415669964352e-03 4.348853008565988221e-01 9.785261172635172366e-01 0.000000000000000000e+00 0.000000000000000000e+00 0.000000000000000000e+00 0.000000000000000000e+00
1.336889853388888882e+00 -4.011157405500000227e-04 -1.239404707100000111e-19 1.722729367912544873e+01 1.000000000000000000e+00 7.783088842700000010e-01 1.571942906379025112e-04 6.974748714960681273e-01 5.720084384589366709e-03 4.518071043899525296e-01 9.919845802188307360e-01 0.000000000000000000e+00 0.000000000000000000e+00 0.000000000000000000e+00 0.000000000000000000e+00
1.352250047944444589e+00 -6.688165366500000201e-05 2.422180954900000193e-19 1.715735522947360536e+01 1.000000000000000000e+00 7.907167695300000299e-01 1.450344320990766198e-04 7.043289911573573647e-01 5.681001128596362484e-03 4.682242829410226959e-01 1.005608476571008270e+00 0.000000000000000000e+00 0.000000000000000000e+00 0.000000000000000000e+00 0.000000000000000000e+00
1.367515936611111149e+00 2.231946366000000007e-04 -3.048511241500000049e-19 1.708784617592335664e+01 1.000000000000000000e+00 8.031948100100000376e-01 1.436910137885017975e-04 7.113130719966246351e-01 5.652849117069706948e-03 4.841395347757839751e-01 1.019368689837194975e+00 0.000000000000000000e+00 0.000000000000000000e+00 0.000000000000000000e+00 0.000000000000000000e+00
1.382683432388888800e+00 4.739904872800000213e-04 2.127491409700000114e-19 1.701878512751267891e+01 1.000000000000000000e+00 8.157058383599999907e-01 1.479102907398246428e-04 7.184098729336961808e-01 5.596255607754211173e-03 4.995475009004057276e-01 1.033242274916074788e+00 0.000000000000000000e+00 0.000000000000000000e+00 0.000000000000000000e+00 0.000000000000000000e+00
1.397748474499999949e+00 6.919906008900000502e-04 3.949947690299999859e-19 1.695019057388381256e+01 1.000000000000000000e+00 8.282053344900000003e-01 1.520144252602856837e-04 7.256007239563765365e-01 5.516494573188679071e-03 5.144444656806734795e-01 1.047241089289863814e+00 0.000000000000000000e+00 0.000000000000000000e+00 0.000000000000000000e+00 0.000000000000000000e+00
1.412707029777777734e+00 8.876022834599999693e-04 7.773645460200000594e-20 1.688208087895935705e+01 1.000000000000000000e+00 8.406495722600000331e-01 1.519237178776555025e-04 7.328636091829936472e-01 5.453064809366491884e-03 5.288409461375586096e-01 1.061395742330913938e+00 0.000000000000000000e+00 0.000000000000000000e+00 0.000000000000000000e+00 0.000000000000000000e+00
1.427555093444444534e+00 1.074122597399999966e-03 2.183594140600000152e-19 1.681447427740085132e+01 1.000000000000000000e+00 8.530104827400000200e-01 1.465636162388247250e-04 7.401731290592776791e-01 5.423903083627419977e-03 5.427564945159966125e-01 1.075730980239362422e+00 0.000000000000000000e+00 0.000000000000000000e+00 0.000000000000000000e+00 0.000000000000000000e+00
1.442288690222222280e+00 1.262010435800000078e-03 1.418340123800000047e-19 1.674738886954965622e+01 1.000000000000000000e+00 8.652758467400000209e-01 1.380994297716781863e-04 7.475010891431942417e-01 5.415351670862010580e-03 5.562195046559655909e-01 1.090278096820564313e+00 0.000000000000000000e+00 0.000000000000000000e+00 0.000000000000000000e+00 0.000000000000000000e+00
1.456903875627777900e+00 1.457042715600000019e-03 2.819143450199999947e-19 1.668084261553302738e+01 1.000000000000000000e+00 8.774356777899999793e-01 1.279080433139860064e-04 7.548161232326140446e-01 5.389401473177586784e-03 5.692731405258840693e-01 1.105085581894267754e+00 0.000000000000000000e+00 0.000000000000000000e+00 0.000000000000000000e+00 0.000000000000000000e+00
1.471396736827777829e+00 1.662138834899999900e-03 -1.012740661899999977e-19 1.661485333136860376e+01 1.000000000000000000e+00 8.894804815700000367e-01 1.165311505397466157e-04 7.620849503805542380e-01 5.306633643347164440e-03 5.819603879074223274e-01 1.120212516470442399e+00 0.000000000000000000e+00 0.000000000000000000e+00 0.000000000000000000e+00 0.000000000000000000e+00
1.485763393716666769e+00 1.880803551899999995e-03 1.557094869799999962e-19 1.654943868405702645e+01 1.000000000000000000e+00 9.013970429500000048e-01 1.022738592288833300e-04 7.692751421014297764e-01 5.143030429108198451e-03 5.943063972969888642e-01 1.135719375070262771e+00 0.000000000000000000e+00 0.000000000000000000e+00 0.000000000000000000e+00 0.000000000000000000e+00
1.500000000000000000e+00 2.113018185300000098e-03 4.258062085799999872e-19 1.646543655667481687e+01 1.000000000000000000e+00 9.131647833099999501e-01 8.314939552944158267e-05 7.763545448772521951e-01 4.875997236621904332e-03 6.063232591988008124e-01 1.151657882894262519e+00 0.000000000000000000e+00 0.000000000000000000e+00 0.000000000000000000e+00 0.000000000000000000e+00
1.514102744194444572e+00 2.353104432799999791e-03 -6.438483079900000175e-20 1.637409015817402747e+01 1.000000000000000000e+00 9.247636046699999612e-01 6.153839057853890493e-05 7.832879230726428332e-01 4.497536577668611625e-03 6.180332657113388750e-01 1.168069304380820128e+00 0.000000000000000000e+00 0.000000000000000000e+00 0.000000000000000000e+00 0.000000000000000000e+00
1.528067850649999837e+00 2.593845301400000015e-03 1.528743088199999944e-20 1.628363526784866977e+01 1.000000000000000000e+00 9.361780561200000461e-01 4.674783466446713810e-05 7.900370061569255142e-01 4.013938027424055963e-03 6.294758906626557460e-01 1.185008542398011011e+00 0.000000000000000000e+00 0.000000000000000000e+00 0.000000000000000000e+00 0.000000000000000000e+00
1.541891580572222198e+00 2.830515470699999838e-03 8.092462183800000376e-21 1.619409610264563071e+01 1.000000000000000000e+00 9.474008829400000220e-01 5.101663190138804103e-05 7.965652695563003594e-01 3.445937320291431443e-03 6.406877497736715998e-01 1.202541628925319017e+00 0.000000000000000000e+00 0.000000000000000000e+00 0.000000000000000000e+00 0.000000000000000000e+00
1.555570233022222304e+00 3.064092147200000050e-03 -5.560460321000000149e-19 1.610549663431352485e+01 1.000000000000000000e+00 9.584332096500000064e-01 7.960107594858944395e-05 8.028391339837976926e-01 2.847014079360266330e-03 6.517013361049925901e-01 1.220730470165072079e+00 0.000000000000000000e+00 0.000000000000000000e+00 0.000000000000000000e+00 0.000000000000000000e+00
1.569100145877777797e+00 3.301437574500000038e-03 -8.703433690699999399e-20 1.601786058317736661e+01 1.000000000000000000e+00 9.692742358699999450e-01 1.250787794139410593e-04 8.088250545187485319e-01 2.281619940630105411e-03 6.625522945089985516e-01 1.239622095211955211e+00 0.000000000000000000e+00 0.000000000000000000e+00 0.000000000000000000e+00 0.000000000000000000e+00
1.582477696866666728e+00 3.548578038399999909e-03 -1.280364582399999961e-19 1.593121141144545483e+01 1.000000000000000000e+00 9.798987127999999602e-01 1.749252645614864164e-04 8.144891174659258937e-01 1.794738099588612896e-03 6.732718158851328516e-01 1.259256943786148053e+00 0.000000000000000000e+00 0.000000000000000000e+00 0.000000000000000000e+00 0.000000000000000000e+00
1.595699304494444526e+00 3.808484399199999881e-03 3.593691594100000117e-19 1.584557231719996828e+01 1.000000000000000000e+00 9.902656355100000196e-01 2.184713174143215004e-04 8.197977925493363793e-01 1.408889245340182389e-03 6.838815850853492417e-01 1.279674169623245206e+00 0.000000000000000000e+00 0.000000000000000000e+00 0.000000000000000000e+00 0.000000000000000000e+00
1.608761429011110966e+00 4.083212025900000153e-03 -4.583976142800000210e-20 1.576096622813566128e+01 1.000000000000000000e+00 1.000325393500000049e+00 2.470259965963764962e-04 8.247158647143241206e-01 1.126629828576874949e-03 6.944066039296078463e-01 1.300919129406679975e+00 0.000000000000000000e+00 0.000000000000000000e+00 0.000000000000000000e+00 0.000000000000000000e+00
1.621660573372222247e+00 4.372922474700000235e-03 1.431520885900000063e-19 1.567741579533454654e+01 1.000000000000000000e+00 1.010016454699999899e+00 2.562551503647299907e-04 8.292015432936551411e-01 9.408719453112886905e-04 7.048861653043555497e-01 1.323068603760404249e+00 0.000000000000000000e+00 0.000000000000000000e+00 0.000000000000000000e+00 0.000000000000000000e+00
1.634393284161111071e+00 4.671862466200000195e-03 3.898970811399999924e-19 1.559494338729247964e+01 1.000000000000000000e+00 1.019280751099999938e+00 2.473338094317319527e-04 8.332036701298808357e-01 8.495466988614262631e-04 7.153665399187046914e-01 1.346225571161235202e+00 0.000000000000000000e+00 0.000000000000000000e+00 0.000000000000000000e+00 0.000000000000000000e+00
1.646956152533333384e+00 4.968030680899999593e-03 3.221513437699999877e-19 1.550731587540191470e+01 1.000000000000000000e+00 1.028083917400000047e+00 2.245013404681044718e-04 8.366629023298340906e-01 8.390898437956636601e-04 7.258968611157325945e-01 1.370484931786848382e+00 0.000000000000000000e+00 0.000000000000000000e+00 0.000000000000000000e+00 0.000000000000000000e+00
1.659345815100000010e+00 5.247057140300000200e-03 -1.439106395700000034e-19 1.538769859689443820e+01 1.000000000000000000e+00 1.036408722100000013e+00 1.919001541467247381e-04 8.395138140272645488e-01 8.845033859156866936e-04 7.365357670262023815e-01 1.395924867842742056e+00 0.000000000000000000e+00 0.000000000000000000e+00 0.000000000000000000e+00 0.000000000000000000e+00
1.671558954844444500e+00 5.492014364600000288e-03 -2.241386712699999966e-20 1.526978557622893717e+01 1.000000000000000000e+00 1.044217669800000081e+00 1.514780335026274865e-04 8.416871238592851245e-01 9.598822141096084162e-04 7.473409890776608888e-01 1.422607241410019041e+00 0.000000000000000000e+00 0.000000000000000000e+00 0.000000000000000000e+00 0.000000000000000000e+00
1.683592302022222320e+00 5.683101365899999834e-03 6.849208393799999988e-20 1.515360838149128497e+01 1.000000000000000000e+00 1.051459316599999916e+00 1.091810427541938184e-04 8.431112706506483923e-01 1.067249674508233921e-03 7.583661497528528805e-01 1.450571578910360593e+00 0.000000000000000000e+00 0.000000000000000000e+00 0.000000000000000000e+00 0.000000000000000000e+00
1.695442635011111143e+00 5.809868202700000164e-03 1.113267442700000005e-19 1.503919811616638924e+01 1.000000000000000000e+00 1.058094153200000109e+00 7.363059747034995310e-05 8.437129740971390790e-01 1.251293549535134088e-03 7.696709754539619031e-01 1.479849834060956271e+00 0.000000000000000000e+00 0.000000000000000000e+00 0.000000000000000000e+00 0.000000000000000000e+00
1.707106781188888922e+00 5.877111622999999646e-03 1.960046913799999936e-19 1.492658541066358424e+01 1.000000000000000000e+00 1.064096631600000009e+00 4.466841090130183468e-05 8.434158131571510841e-01 1.547549743883617308e-03 7.813298029078158402e-01 1.510498340383212179e+00 0.000000000000000000e+00 0.000000000000000000e+00 0.000000000000000000e+00 0.000000000000000000e+00
1.718581617777777737e+00 5.892154465800000275e-03 3.922084085000000220e-19 1.481580041416386173e+01 1.000000000000000000e+00 1.069450194000000076e+00 1.464479592398858114e-05 8.421389528326634899e-01 1.958078102045769653e-03 7.934248953653550984e-01 1.542592598966597395e+00 0.000000000000000000e+00 0.000000000000000000e+00 0.000000000000000000e+00 0.000000000000000000e+00
1.729864072699999866e+00 5.856516965899999719e-03 -1.000930548899999992e-19 1.470687278635982231e+01 1.000000000000000000e+00 1.074146990000000024e+00 -1.941124318004186641e-05 8.397981262756625265e-01 2.485615676584449537e-03 8.060316822815792870e-01 1.576198900348821930e+00 0.000000000000000000e+00 0.000000000000000000e+00 0.000000000000000000e+00 0.000000000000000000e+00
1.740951125355555629e+00 5.771400362699999689e-03 -4.246909133199999937e-19 1.459983168994653369e+01 1.000000000000000000e+00 1.078191150299999901e+00 -5.130297755236546911e-05 8.363064847864170037e-01 3.148195212097170455e-03 8.192209721137818645e-01 1.611364516147130610e+00 0.000000000000000000e+00 0.000000000000000000e+00 0.000000000000000000e+00 0.000000000000000000e+00
1.751839807477777677e+00 5.646958832099999680e-03 -5.046166512000000276e-19 1.449470578236149443e+01 1.000000000000000000e+00 1.081597762299999932e+00 -6.982256434352092649e-05 8.315766016787063952e-01 3.967249527010231411e-03 8.330646197176115875e-01 1.648121155201337729e+00 0.000000000000000000e+00 0.000000000000000000e+00 0.000000000000000000e+00 0.000000000000000000e+00
1.762527203905555506e+00 5.503636573400000342e-03 -3.027951505799999827e-19 1.437644500930866265e+01 1.000000000000000000e+00 1.084370100899999967e+00 -6.911973380932602052e-05 8.255238484563599544e-01 4.927197683213067197e-03 8.476366863356378234e-01 1.686491636101489666e+00 0.000000000000000000e+00 0.000000000000000000e+00 0.000000000000000000e+00 0.000000000000000000e+00
1.773010453361111072e+00 5.361819474199999887e-03 -1.951466275199999971e-19 1.423632072443730756e+01 1.000000000000000000e+00 1.086486104100000016e+00 -5.320636809422033854e-05 8.180682172697545385e-01 5.946283747873292065e-03 8.630170164004293820e-01 1.726489263048494038e+00 0.000000000000000000e+00 0.000000000000000000e+00 0.000000000000000000e+00 0.000000000000000000e+00
1.783286749227777745e+00 5.232677351800000404e-03 4.742821224199999895e-21 1.409896268335015002e+01 1.000000000000000000e+00 1.087912811500000076e+00 -3.045594033341338146e-05 8.091347046068171345e-01 6.910824676321039410e-03 8.792866900714442213e-01 1.768090296922218974e+00 0.000000000000000000e+00 0.000000000000000000e+00 0.000000000000000000e+00 0.000000000000000000e+00
1.793353340288888820e+00 5.119674046600000174e-03 -2.208716447800000030e-20 1.396440766016666224e+01 1.000000000000000000e+00 1.088626896999999927e+00 -7.339142982152498988e-06 7.986534697462788213e-01 7.734994088796613536e-03 8.965216489771140607e-01 1.811220480560447266e+00 0.000000000000000000e+00 0.000000000000000000e+00 0.000000000000000000e+00 0.000000000000000000e+00
1.803207531483333348e+00 5.022891526399999793e-03 2.030006343200000117e-19 1.383269167840345126e+01 1.000000000000000000e+00 1.088610867499999912e+00 1.210664606377356572e-05 7.865610240468280390e-01 8.390457403182225923e-03 9.147909448369311303e-01 1.855755875706335045e+00 0.000000000000000000e+00 0.000000000000000000e+00 0.000000000000000000e+00 0.000000000000000000e+00
1.812846684588888868e+00 4.939506087599999928e-03 -2.254417266699999967e-19 1.369651445587121863e+01 1.000000000000000000e+00 1.087832192600000081e+00 2.573404505072742867e-05 7.728035352015334425e-01 8.899360521370176455e-03 9.341531336100736826e-01 1.901511535014622334e+00 0.000000000000000000e+00 0.000000000000000000e+00 0.000000000000000000e+00 0.000000000000000000e+00
1.822268218988888799e+00 4.864133429700000059e-03 -1.771667161799999919e-19 1.354188363777822168e+01 1.000000000000000000e+00 1.086230050199999964e+00 3.231646669003192273e-05 7.573398929205116259e-01 9.299976877034477757e-03 9.546531824297956881e-01 1.948227722655666572e+00 0.000000000000000000e+00 0.000000000000000000e+00 0.000000000000000000e+00 0.000000000000000000e+00
1.831469612300000049e+00 4.790173110100000298e-03 -1.788753334899999962e-19 1.336340047064105363e+01 1.000000000000000000e+00 1.083717888600000068e+00 3.096660724623937779e-05 7.401430978521991166e-01 9.616248101674086668e-03 9.763149139596815074e-01 1.995561640281435789e+00 0.000000000000000000e+00 0.000000000000000000e+00 0.000000000000000000e+00 0.000000000000000000e+00
1.840448401094444408e+00 4.710107583400000020e-03 -7.196001378800000595e-20 1.318824840626817974e+01 1.000000000000000000e+00 1.080192965900000024e+00 2.160094964195507890e-05 7.212009863365111961e-01 9.855960626562344090e-03 9.991254674125944479e-01 2.043085937899379534e+00 0.000000000000000000e+00 0.000000000000000000e+00 0.000000000000000000e+00 0.000000000000000000e+00
1.849202181527777711e+00 4.616123599200000135e-03 1.104583536099999977e-19 1.301692535990085275e+01 1.000000000000000000e+00 1.075541318600000018e+00 5.729203680450774773e-06 7.005165612065716862e-01 1.003942215353956918e-02 1.023027260979740394e+00 2.090293022755494778e+00 0.000000000000000000e+00 0.000000000000000000e+00 0.000000000000000000e+00 0.000000000000000000e+00
1.857728610000000113e+00 4.501211930200000114e-03 -1.824878386500000001e-19 1.277684958626896261e+01 1.000000000000000000e+00 1.069636016100000031e+00 -1.513690463886390750e-05 6.781079706210549896e-01 1.020723298455133293e-02 1.047917788468254896e+00 2.136592461331480397e+00 0.000000000000000000e+00 0.000000000000000000e+00 0.000000000000000000e+00 0.000000000000000000e+00
1.866025403783333259e+00 4.359338670300000329e-03 8.140904300799999773e-20 1.254323955919994127e+01 1.000000000000000000e+00 1.062337250199999916e+00 -4.077012121889350883e-05 6.540101442792225495e-01 1.039557098738737306e-02 1.073638000145308524e+00 2.181292461658629112e+00 0.000000000000000000e+00 0.000000000000000000e+00 0.000000000000000000e+00 0.000000000000000000e+00
1.874090341627777878e+00 4.185451834300000368e-03 8.967424452400000354e-20 1.231615782168159612e+01 1.000000000000000000e+00 1.053497913700000010e+00 -7.095686396232110790e-05 6.282785438231176522e-01 1.061575826165776955e-02 1.099943156001640387e+00 2.223580787643215206e+00 0.000000000000000000e+00 0.000000000000000000e+00 0.000000000000000000e+00 0.000000000000000000e+00
1.881921264350000067e+00 3.976737513399999750e-03 5.603044321500000288e-20 1.209566516911155531e+01 1.000000000000000000e+00 1.042967052400000094e+00 -1.035391930373120864e-04 6.009928979611222077e-01 1.084993956516665074e-02 1.126466837546192812e+00 2.262517748839171894e+00 0.000000000000000000e+00 0.000000000000000000e+00 0.000000000000000000e+00 0.000000000000000000e+00
1.889516075422222219e+00 3.733858355900000064e-03 2.687927273999999991e-20 1.179006603322283908e+01 1.000000000000000000e+00 1.030594074099999924e+00 -1.350250816079284928e-04 5.722595376603639705e-01 1.105734925843777396e-02 1.152683215410170714e+00 2.297039055571432620e+00 0.000000000000000000e+00 0.000000000000000000e+00 0.000000000000000000e+00 0.000000000000000000e+00
1.896872741533333295e+00 3.461127829700000151e-03 -7.386296284200000170e-20 1.141966092953854073e+01 1.000000000000000000e+00 1.016234797999999939e+00 -1.617433429395319963e-04 5.422125336457804812e-01 1.118897319928223964e-02 1.177866701692942941e+00 2.325965405403080499e+00 0.000000000000000000e+00 0.000000000000000000e+00 0.000000000000000000e+00 0.000000000000000000e+00
1.903989293122222204e+00 3.166060616800000019e-03 4.737188419900000087e-20 1.106134549298831082e+01 1.000000000000000000e+00 9.997585243600000116e-01 -1.806634069218110406e-04 5.110139763942144198e-01 1.120520409483012972e-02 1.201052453987823787e+00 2.348016497102213052e+00 0.000000000000000000e+00 0.000000000000000000e+00 0.000000000000000000e+00 0.000000000000000000e+00
1.910863824922222287e+00 2.858345708899999883e-03 3.928693242100000094e-20 1.071521565296279199e+01 1.000000000000000000e+00 9.810576575299999602e-01 -1.902178873052560559e-04 4.788533364892846311e-01 1.108709249809549345e-02 1.221005811528672158e+00 2.361829370646798321e+00 0.000000000000000000e+00 0.000000000000000000e+00 0.000000000000000000e+00 0.000000000000000000e+00
1.917494496450000030e+00 2.548291343400000113e-03 3.519376129299999744e-20 1.038136407703852981e+01 1.000000000000000000e+00 9.600578953699999696e-01 -1.906103098391521305e-04 4.459456423937699920e-01 1.083393606485726079e-02 1.236208556340434583e+00 2.365982465961157910e+00 0.000000000000000000e+00 0.000000000000000000e+00 0.000000000000000000e+00 0.000000000000000000e+00
1.923879532511111101e+00 2.245596748600000008e-03 -7.742054816000000275e-21 1.005988014552343834e+01 1.000000000000000000e+00 9.367251414899999684e-01 -1.831359291340547025e-04 4.125282135697295738e-01 1.045768548361801151e-02 1.244874785421538288e+00 2.359026744532918496e+00 0.000000000000000000e+00 0.000000000000000000e+00 0.000000000000000000e+00 0.000000000000000000e+00
1.930017223683333283e+00 1.958652526600000113e-03 -6.069909918299999812e-20 9.506788774291697663e+00 1.000000000000000000e+00 9.110664917799999873e-01 -1.694686494158574456e-04 3.788559301869088292e-01 9.980379407253716154e-03 1.245013077817509251e+00 2.339524455625797472e+00 0.000000000000000000e+00 0.000000000000000000e+00 0.000000000000000000e+00 0.000000000000000000e+00
1.935905926755555617e+00 1.694090788800000020e-03 -9.946124200299999882e-21 8.920563457335592972e+00 1.000000000000000000e+00 8.831228947700000553e-01 -1.513313225389838754e-04 3.451954484986934912e-01 9.430708629141656626e-03 1.234550544756740420e+00 2.306097315669375813e+00 0.000000000000000000e+00 0.000000000000000000e+00 0.000000000000000000e+00 0.000000000000000000e+00
1.941544065183333334e+00 1.456368807000000013e-03 3.618231844799999712e-20 8.359282060340476050e+00 1.000000000000000000e+00 8.529518697500000357e-01 -1.304480397734657661e-04 3.118191610438475481e-01 8.839001290787662155e-03 1.211527133309390880e+00 2.257489472344929027e+00 0.000000000000000000e+00 0.000000000000000000e+00 0.000000000000000000e+00 0.000000000000000000e+00
1.946930129495000106e+00 1.247568013300000105e-03 1.055470176499999991e-20 7.823094852473460037e+00 1.000000000000000000e+00 8.206020276600000107e-01 -1.084891639505993372e-04 2.790000637869972100e-01 8.232567507253433364e-03 1.174353166795354397e+00 2.192653859975836284e+00 0.000000000000000000e+00 0.000000000000000000e+00 0.000000000000000000e+00 0.000000000000000000e+00
1.952062677713888972e+00 1.067448262699999912e-03 -8.047165049200000050e-21 7.312145383718005043e+00 1.000000000000000000e+00 7.860858387900000466e-01 -8.702248729387774238e-05 2.470084208707390705e-01 7.630653383265484715e-03 1.122102118629716871e+00 2.110870896514901673e+00 0.000000000000000000e+00 0.000000000000000000e+00 0.000000000000000000e+00 0.000000000000000000e+00
1.956940335732222147e+00 9.138357832200000265e-04 -5.978822778700000446e-20 6.826570447652882123e+00 1.000000000000000000e+00 7.493597894600000364e-01 -6.743300067303293504e-05 2.161103122794250653e-01 7.040929796089141247e-03 1.054790242384587629e+00 2.011901753186109421e+00 0.000000000000000000e+00 0.000000000000000000e+00 0.000000000000000000e+00 0.000000000000000000e+00
1.961561797682777719e+00 7.832604446799999948e-04 4.213748344900000124e-20 6.350900724963386423e+00 1.000000000000000000e+00 7.103206198000000526e-01 -5.075100719327309284e-05 1.865673058872238943e-01 6.460751750233788109e-03 9.735786919679002560e-01 1.896162973790127104e+00 0.000000000000000000e+00 0.000000000000000000e+00 0.000000000000000000e+00 0.000000000000000000e+00
1.965925826288888789e+00 6.717623883700000152e-04 -2.448357065899999854e-20 5.655406951025446993e+00 1.000000000000000000e+00 6.688239437199999804e-01 -3.746924466641312289e-05 1.586358955549476701e-01 5.883255125428510889e-03 8.808316768554195209e-01 1.764888662375623030e+00 0.000000000000000000e+00 0.000000000000000000e+00 0.000000000000000000e+00 0.000000000000000000e+00
1.970031253194444387e+00 5.755829370299999715e-04 6.602116044999999659e-22 5.001126443291637358e+00 1.000000000000000000e+00 6.247262816899999960e-01 -2.749549005291184486e-05 1.325649679585605145e-01 5.303766452624075062e-03 7.799836845431129539e-01 1.620228489319572196e+00 0.000000000000000000e+00 0.000000000000000000e+00 0.000000000000000000e+00 0.000000000000000000e+00
1.973876979277222166e+00 4.916139129200000233e-04 -3.374519178599999945e-21 4.388234368501553462e+00 1.000000000000000000e+00 5.779448484900000516e-01 -2.029098819487601624e-05 1.085897626042218594e-01 4.722739479608368748e-03 6.752096074957288918e-01 1.465226959840419285e+00 0.000000000000000000e+00 0.000000000000000000e+00 0.000000000000000000e+00 0.000000000000000000e+00
1.977461974943333312e+00 4.175234175400000186e-04 -2.535583387499999842e-21 3.816894812687620320e+00 1.000000000000000000e+00 5.285240839499999455e-01 -1.512335866525274298e-05 8.692158987835461870e-02 4.145187568041382858e-03 5.709433909068041268e-01 1.303651415368650035e+00 0.000000000000000000e+00 0.000000000000000000e+00 0.000000000000000000e+00 0.000000000000000000e+00
1.980785280403333237e+00 3.516802222600000035e-04 5.239446803700000344e-21 3.287260737171415315e+00 1.000000000000000000e+00 4.766955151300000249e-01 -1.130791389621102406e-05 6.773378354209202978e-02 3.578958406257997434e-03 4.713377074043699211e-01 1.139681322758233861e+00 0.000000000000000000e+00 0.000000000000000000e+00 0.000000000000000000e+00 0.000000000000000000e+00
1.983846005927222267e+00 2.929660439199999883e-04 -7.530765979599999508e-21 2.799473937924302103e+00 1.000000000000000000e+00 4.229184320400000141e-01 -8.346587907443430346e-06 5.114546828394719857e-02 3.033219145385158098e-03 3.797819918705643283e-01 9.775216767546976993e-01 0.000000000000000000e+00 0.000000000000000000e+00 0.000000000000000000e+00 0.000000000000000000e+00
1.986643332085000102e+00 2.406083145599999934e-04 3.783484241099999676e-21 2.353665007230343775e+00 1.000000000000000000e+00 3.678932926299999795e-01 -5.955731786346049700e-06 3.720554815531382231e-02 2.517285814018348569e-03 2.985856648020520088e-01 8.210346208646767119e-01 0.000000000000000000e+00 0.000000000000000000e+00 0.000000000000000000e+00 0.000000000000000000e+00
1.989176509965000061e+00 1.940528382499999893e-04 -6.399423102599999957e-21 1.925278079008089449e+00 1.000000000000000000e+00 3.125465442900000057e-01 -4.019402059791687772e-06 2.587970775687142150e-02 2.039609134755024800e-03 2.288856965757810058e-01 6.734773715304629427e-01 0.000000000000000000e+00 0.000000000000000000e+00 0.000000000000000000e+00 0.000000000000000000e+00
1.991444861373888875e+00 1.529016798900000040e-04 1.506129725900000038e-21 1.521784637530495310e+00 1.000000000000000000e+00 2.579921641899999840e-01 -2.512250220486047322e-06 1.704321228584121037e-02 1.606985006896073350e-03 1.707691741929614482e-01 5.373923869442934764e-01 0.000000000000000000e+00 0.000000000000000000e+00 0.000000000000000000e+00 0.000000000000000000e+00
1.993447779019444477e+00 1.168757623600000066e-04 -8.048162524899999933e-22 1.165506447725098038e+00 1.000000000000000000e+00 2.054786044099999875e-01 -1.424527947474003372e-06 1.048179807919982082e-02 1.224117936377023923e-03 1.235418377081603791e-01 4.146392252239468057e-01 0.000000000000000000e+00 0.000000000000000000e+00 0.000000000000000000e+00 0.000000000000000000e+00
1.995184726672222242e+00 8.579636023599999581e-05 2.674041824599999962e-22 8.565388938710636335e-01 1.000000000000000000e+00 1.563291605100000092e-01 -7.163440358450371192e-07 5.902037607427829125e-03 8.936132541379819506e-04 8.604801151137615733e-02 3.065166483000941744e-01 0.000000000000000000e+00 0.000000000000000000e+00 0.000000000000000000e+00 0.000000000000000000e+00
1.996655239309166774e+00 5.955978981800000033e-05 -1.792669307400000042e-22 5.949646940835189302e-01 1.000000000000000000e+00 1.118803748600000064e-01 -3.101580314100853074e-07 2.951248041102148660e-03 6.163193670497144538e-04 5.696100068350137824e-02 2.139138451903448146e-01 0.000000000000000000e+00 0.000000000000000000e+00 0.000000000000000000e+00 0.000000000000000000e+00
1.997858923238611029e+00 3.811495573499999934e-05 -4.261091771700000144e-23 3.808538780787569245e-01 1.000000000000000000e+00 7.341978928700000628e-02 -1.105161547261033880e-07 1.245566422397081973e-03 3.918562873905459282e-04 3.499895590036436466e-02 1.374454490413432317e-01 0.000000000000000000e+00 0.000000000000000000e+00 0.000000000000000000e+00 0.000000000000000000e+00
1.998795456205166632e+00 2.144034409499999907e-05 -1.226950195400000017e-23 2.142637685163881756e-01 1.000000000000000000e+00 4.212295943000000237e-02 -2.983687059520546881e-08 4.034648343767578151e-04 2.191659252204635367e-04 1.905744297889741187e-02 7.754886201626789988e-02 0.000000000000000000e+00 0.000000000000000000e+00 0.000000000000000000e+00 0.000000000000000000e+00
1.999464587476372124e+00 9.529711014700000666e-06 -1.097160308600000069e-23 9.523896558638700327e-02 1.000000000000000000e+00 1.899063718799999870e-02 -5.045958393568358190e-09 8.105346965593271337e-05 9.698134488945828614e-05 8.272807929015671760e-03 3.454158742961711825e-02 0.000000000000000000e+00 0.000000000000000000e+00 0.000000000000000000e+00 0.000000000000000000e+00
1.999866137909561026e+00 2.382562839400000135e-06 4.325064187499999867e-26 2.381133511462607544e-02 1.000000000000000000e+00 4.788946251899999645e-03 -2.803550199310183547e-10 5.117765240920970935e-06 2.417831594039319273e-05 2.038958034275606228e-03 8.646840731458991722e-03 0.000000000000000000e+00 0.000000000000000000e+00 0.000000000000000000e+00 0.000000000000000000e+00
2.000000000000000000e+00 -1.137139891899999907e-18 2.243441228500000027e-35 7.904787935331114568e-14 1.000000000000000000e+00 1.000000000400000024e-10 -6.431874632227249535e-25 1.000000000000000036e-10 1.772015807991193539e-21 5.420046399511397387e-24 1.000000221900000039e-10 0.000000000000000000e+00 0.000000000000000000e+00 0.000000000000000000e+00 0.000000000000000000e+00
